% 基准函数10
function f_10 = ChenBirdFunction(x)
    % f31
    f_10 = -0.001 / (0.001^2 + (x(1) - 0.4 * x(2) - 0.1)^2) - 0.001 / (0.001^2 + (2 * x(1) + x(2) - 1.5)^2);
end

